48
0 1 4727
0 2 1205
0 3 6363
0 4 3657
0 5 3130
0 6 2414
0 7 563
0 8 463
0 9 5654
0 10 1713
0 11 1604
0 12 2368
0 13 2201
0 14 1290
0 15 1004
0 16 3833
0 17 2258
0 18 3419
0 19 2267
0 20 2957
0 21 720
0 22 1700
0 23 5279
0 24 2578
0 25 6076
0 26 3465
0 27 2654
0 28 3625
0 29 3115
0 30 1574
0 31 3951
0 32 1748
0 33 2142
0 34 6755
0 35 2383
0 36 3306
0 37 1029
0 38 3530
0 39 825
0 40 2188
0 41 4820
0 42 3489
0 43 1947
0 44 6835
0 45 1542
0 46 2379
0 47 3744
1 2 3588
1 3 2012
1 4 1842
1 5 6977
1 6 6501
1 7 5187
1 8 5028
1 9 2327
1 10 4148
1 11 4723
1 12 3635
1 13 3125
1 14 4907
1 15 3930
1 16 7463
1 17 6338
1 18 7243
1 19 5105
1 20 4043
1 21 4022
1 22 3677
1 23 2863
1 24 3106
1 25 1850
1 26 7173
1 27 6630
1 28 1204
1 29 6814
1 30 6001
1 31 3447
1 32 5253
1 33 2656
1 34 3123
1 35 6274
1 36 7183
1 37 5622
1 38 3085
1 39 4564
1 40 2756
1 41 1591
1 42 7027
1 43 6186
1 44 3472
1 45 5461
1 46 4390
1 47 2088
2 3 5163
2 4 2458
2 5 3678
2 6 3071
2 7 1742
2 8 1444
2 9 4462
2 10 1184
2 11 1520
2 12 1498
2 13 1103
2 14 1501
2 15 951
2 16 4298
2 17 2903
2 18 3967
2 19 2169
2 20 2209
2 21 652
2 22 828
2 23 4136
2 24 1518
2 25 4873
2 26 3954
2 27 3254
2 28 2446
2 29 3581
2 30 2441
2 31 2960
2 32 1966
2 33 950
2 34 5564
2 35 2916
2 36 3878
2 37 2035
2 38 2482
2 39 1027
2 40 1395
2 41 3617
2 42 3891
2 43 2686
2 44 5661
2 45 2023
2 46 1867
2 47 2560
3 4 2799
3 5 8064
3 6 7727
3 7 6878
3 8 6581
3 9 1402
3 10 5366
3 11 5946
3 12 4679
3 13 4378
3 14 6225
3 15 5709
3 16 8417
3 17 7578
3 18 8296
3 19 6135
3 20 4802
3 21 5707
3 22 4982
3 23 2322
3 24 4178
3 25 320
3 26 8186
3 27 7800
3 28 2778
3 29 7859
3 30 7408
3 31 3763
3 32 6461
3 33 4223
3 34 1427
3 35 7451
3 36 8263
3 37 7131
3 38 3669
3 39 6011
3 40 4638
3 41 1681
3 42 7987
3 43 7502
3 44 1877
3 45 6758
3 46 5360
3 47 2844
4 5 5330
4 6 4946
4 7 4200
4 8 3824
4 9 2012
4 10 2573
4 11 3157
4 12 1924
4 13 1580
4 14 3427
4 15 3179
4 16 5749
4 17 4793
4 18 5577
4 19 3409
4 20 2223
4 21 3066
4 22 2185
4 23 1860
4 24 1401
4 25 2491
4 26 5486
4 27 5035
4 28 894
4 29 5141
4 30 4611
4 31 1669
4 32 3677
4 33 1590
4 34 3113
4 35 4682
4 36 5533
4 37 4352
4 38 1252
4 39 3227
4 40 2426
4 41 1169
4 42 5313
4 43 4706
4 44 3241
4 45 3962
4 46 2651
4 47 304
5 6 743
5 7 3209
5 8 2670
5 9 6929
5 10 2831
5 11 2266
5 12 3407
5 13 3854
5 14 2178
5 15 4076
5 16 727
5 17 881
5 18 293
5 19 1930
5 20 3310
5 21 3672
5 22 3315
5 23 6199
5 24 3932
5 25 7745
5 26 365
5 27 482
5 28 5774
5 29 261
5 30 1659
5 31 4513
5 32 1746
5 33 4431
5 34 7910
5 35 769
5 36 207
5 37 2225
5 38 4435
5 39 2681
5 40 5053
5 41 6384
5 42 550
5 43 1224
5 44 7805
5 45 1670
5 46 2704
5 47 5230
6 7 2468
6 8 1952
6 9 6673
6 10 2380
6 11 1795
6 12 3051
6 13 3405
6 14 1604
6 15 3382
6 16 1469
6 17 168
6 18 1020
6 19 1681
6 20 3110
6 21 2993
6 22 2827
6 23 6009
6 24 3552
6 25 7412
6 26 1104
6 27 267
6 28 5300
6 29 821
6 30 916
6 31 4348
6 32 1270
6 33 3890
6 34 7698
6 35 332
6 36 900
6 37 1484
6 38 4185
6 39 2049
6 40 4415
6 41 6051
6 42 1219
6 43 482
6 44 7635
6 45 1054
6 46 2432
6 47 4884
7 8 718
7 9 6203
7 10 2241
7 11 2051
7 12 2920
7 13 2762
7 14 1687
7 15 1304
7 16 3932
7 17 2331
7 18 3487
7 19 2669
7 20 3487
7 21 1175
7 22 2260
7 23 5840
7 24 3141
7 25 6596
7 26 3563
7 27 2728
7 28 4120
7 29 3240
7 30 1559
7 31 4507
7 32 2082
7 33 2658
7 34 7304
7 35 2512
7 36 3364
7 37 985
7 38 4091
7 39 1319
7 40 2544
7 41 5358
7 42 3632
7 43 1987
7 44 7391
7 45 1785
7 46 2879
7 47 4296
8 9 5789
8 10 1602
8 11 1343
8 12 2330
8 13 2291
8 14 970
8 15 1451
8 16 3376
8 17 1796
8 18 2959
8 19 1951
8 20 2835
8 21 1112
8 22 1725
8 23 5346
8 24 2628
8 25 6285
8 26 3007
8 27 2193
8 28 3889
8 29 2661
8 30 1122
8 31 3920
8 32 1372
8 33 2391
8 34 6883
8 35 1927
8 36 2845
8 37 611
8 38 3543
8 39 676
8 40 2590
8 41 4993
8 42 3039
8 43 1486
8 44 6934
8 45 1112
8 46 2196
8 47 3876
9 10 4392
9 11 4947
9 12 3648
9 13 3501
9 14 5274
9 15 5183
9 16 7216
9 17 6535
9 18 7140
9 19 5022
9 20 3621
9 21 5077
9 22 4090
9 23 922
9 24 3207
9 25 1131
9 26 7014
9 27 6714
9 28 2437
9 29 6707
9 30 6477
9 31 2476
9 32 5432
9 33 3599
9 34 1102
9 35 6376
9 36 7121
9 37 6284
9 38 2497
9 39 5160
9 40 4318
9 41 937
9 42 6795
9 43 6507
9 44 1268
9 45 5773
9 46 4249
9 47 1914
10 11 586
10 12 766
10 13 1029
10 14 883
10 15 2040
10 16 3353
10 17 2224
10 18 3100
10 19 1049
10 20 1246
10 21 1625
10 22 503
10 23 3841
10 24 1196
10 25 5054
10 26 3042
10 27 2488
10 28 2945
10 29 2676
10 30 2087
10 31 2331
10 32 1114
10 33 1650
10 34 5459
10 35 2132
10 36 3037
10 37 1958
10 38 1997
10 39 931
10 40 2513
10 41 3701
10 42 2923
10 43 2137
10 44 5459
10 45 1394
10 46 711
10 47 2534
11 12 1299
11 13 1612
11 14 406
11 15 2208
11 16 2824
11 17 1639
11 18 2542
11 19 694
11 20 1586
11 21 1767
11 22 1050
11 23 4357
11 24 1770
11 25 5633
11 26 2498
11 27 1907
11 28 3520
11 29 2128
11 30 1558
11 31 2778
11 32 531
11 33 2171
11 34 6003
11 35 1552
11 36 2472
11 37 1538
11 38 2506
11 39 791
11 40 2912
11 41 4277
11 42 2403
11 43 1564
11 44 5983
11 45 827
11 46 892
11 47 3109
12 13 646
12 14 1642
12 15 2446
12 16 3840
12 17 2905
12 18 3655
12 19 1488
12 20 730
12 21 2096
12 22 697
12 23 3076
12 24 533
12 25 4363
12 26 3567
12 27 3122
12 28 2453
12 29 3219
12 30 2842
12 31 1592
12 32 1791
12 33 1480
12 34 4706
12 35 2772
12 36 3610
12 37 2721
12 38 1232
12 39 1656
12 40 2550
12 41 3001
12 42 3403
12 43 2860
12 44 4697
12 45 2126
12 46 756
12 47 1836
13 14 1853
13 15 2026
13 16 4349
13 17 3247
13 18 4119
13 19 1997
13 20 1341
13 21 1753
13 22 606
13 23 3078
13 24 419
13 25 4070
13 26 4052
13 27 3517
13 28 1923
13 29 3690
13 30 3032
13 31 1866
13 32 2142
13 33 838
13 34 4593
13 35 3161
13 36 4060
13 37 2788
13 38 1380
13 39 1663
13 40 1932
13 41 2736
13 42 3915
13 43 3138
13 44 4647
13 45 2395
13 46 1351
13 47 1592
14 15 2029
14 16 2803
14 17 1438
14 18 2466
14 19 986
14 20 1987
14 21 1593
14 22 1253
14 23 4716
14 24 2072
14 25 5915
14 26 2454
14 27 1764
14 28 3710
14 29 2082
14 30 1204
14 31 3164
14 32 497
14 33 2287
14 34 6342
14 35 1419
14 36 2379
14 37 1134
14 38 2867
14 39 554
14 40 2885
14 41 4569
14 42 2405
14 43 1289
14 44 6338
14 45 555
14 46 1297
14 47 3406
15 16 4759
15 17 3220
15 18 4368
15 19 2900
15 20 3151
15 21 442
15 22 1765
15 23 4960
15 24 2444
15 25 5443
15 26 4396
15 27 3610
15 28 2932
15 29 4034
15 30 2572
15 31 3891
15 32 2525
15 33 1590
15 34 6278
15 35 3313
15 36 4261
15 37 2033
15 38 3398
15 39 1476
15 40 1241
15 41 4287
15 42 4390
15 43 2928
15 44 6419
15 45 2428
15 46 2749
15 47 3337
16 17 1601
16 18 477
16 19 2359
16 20 3617
16 21 4345
16 22 3851
16 23 6433
16 24 4372
16 25 8098
16 26 370
16 27 1206
16 28 6267
16 29 726
16 30 2384
16 31 4754
16 32 2335
16 33 4991
16 34 8148
16 35 1452
16 36 609
16 37 2949
16 38 4752
16 39 3331
16 40 5687
16 41 6746
16 42 437
16 43 1948
16 44 8005
16 45 2334
16 46 3098
16 47 5618
17 18 1165
17 19 1563
17 20 2988
17 21 2829
17 22 2666
17 23 5882
17 24 3401
17 25 7263
17 26 1233
17 27 399
17 28 5138
17 29 923
17 30 794
17 31 4227
17 32 1117
17 33 3724
17 34 7565
17 35 286
17 36 1049
17 37 1348
17 38 4051
17 39 1881
17 40 4248
17 41 5903
17 42 1322
17 43 355
17 44 7508
17 45 887
17 46 2302
17 47 4736
18 19 2170
18 20 3520
18 21 3965
18 22 3588
18 23 6393
18 24 4183
18 25 7977
18 26 202
18 27 767
18 28 6041
18 29 438
18 30 1932
18 31 4706
18 32 2027
18 33 4711
18 34 8107
18 35 1061
18 36 132
18 37 2503
18 38 4652
18 39 2972
18 40 5344
18 41 6617
18 42 486
18 43 1501
18 44 7989
18 45 1962
18 46 2939
18 47 5469
19 20 1430
19 21 2460
19 22 1547
19 23 4333
19 24 2019
19 25 5817
19 26 2079
19 27 1694
19 28 3910
19 29 1733
19 30 1813
19 31 2668
19 32 654
19 33 2694
19 34 6029
19 35 1366
19 36 2130
19 37 1991
19 38 2525
19 39 1474
19 40 3542
19 41 4455
19 42 1923
19 43 1641
19 44 5957
19 45 1071
19 46 777
19 47 3302
20 21 2779
20 22 1387
20 23 2905
20 24 1062
20 25 4482
20 26 3398
20 27 3119
20 28 2922
20 29 3087
20 30 3115
20 31 1240
20 32 1953
20 33 2175
20 34 4607
20 35 2796
20 36 3501
20 37 3119
20 38 1136
20 39 2173
20 40 3268
20 41 3136
20 42 3189
20 43 3029
20 44 4527
20 45 2355
20 46 711
20 47 2042
21 22 1401
21 23 4781
21 24 2166
21 25 5427
21 26 3984
21 27 3212
21 28 2946
21 29 3620
21 30 2224
21 31 3603
21 32 2089
21 33 1496
21 34 6178
21 35 2906
21 36 3861
21 37 1719
21 38 3132
21 39 1040
21 40 1479
21 41 4211
21 42 3969
21 43 2553
21 44 6290
21 45 2012
21 46 2336
21 47 3189
22 23 3621
22 24 903
22 25 4675
22 26 3537
22 27 2954
22 28 2475
22 29 3169
22 30 2427
22 31 2254
22 32 1578
22 33 1148
22 34 5177
22 35 2598
22 36 3521
22 37 2194
22 38 1833
22 39 1074
22 40 2054
22 41 3340
22 42 3423
22 43 2541
22 44 5213
22 45 1801
22 46 1077
22 47 2190
23 24 2718
23 25 2042
23 26 6254
23 27 6024
23 28 2569
23 29 5966
23 30 5913
23 31 1687
23 32 4807
23 33 3384
23 34 1716
23 35 5699
23 36 6384
23 37 5787
23 38 1852
23 39 4687
23 40 4285
23 41 1272
23 42 6022
23 43 5892
23 44 1629
23 45 5178
23 46 3581
23 47 1639
24 25 3864
24 26 4097
24 27 3635
24 28 1932
24 29 3748
24 30 3274
24 31 1448
24 32 2284
24 33 1164
24 34 4286
24 35 3283
24 36 4136
24 37 3086
24 38 967
24 39 1973
24 40 2285
24 41 2507
24 42 3935
24 43 3331
24 44 4312
24 45 2589
24 46 1284
24 47 1340
25 26 7866
25 27 7483
25 28 2515
25 29 7539
25 30 7101
25 31 3449
25 32 6146
25 33 3938
25 34 1375
25 35 7134
25 36 7944
25 37 6831
25 38 3349
25 39 5709
25 40 4397
25 41 1363
25 42 7667
25 43 7190
25 44 1798
25 45 6446
25 46 5041
25 47 2528
26 27 839
26 28 5973
26 29 374
26 30 2019
26 31 4569
26 32 1996
26 33 4669
26 34 7970
26 35 1085
26 36 305
26 37 2581
26 38 4532
26 39 2976
26 40 5339
26 41 6509
26 42 287
26 43 1581
26 44 7844
26 45 1974
26 46 2838
26 47 5369
27 28 5427
27 29 558
27 30 1181
27 31 4349
27 32 1377
27 33 4044
27 34 7723
27 35 356
27 36 653
27 37 1744
27 38 4218
27 39 2241
27 40 4614
27 41 6121
27 42 955
27 43 743
27 44 7644
27 45 1231
27 46 2465
27 47 4957
28 29 5612
28 30 4824
28 31 2550
28 32 4050
28 33 1498
28 34 3476
28 35 5071
28 36 5980
28 37 4470
28 38 2096
28 39 3388
28 40 1911
28 41 1501
28 42 5831
28 43 4994
28 44 3704
28 45 4264
28 46 3209
28 47 1196
29 30 1716
29 31 4280
29 32 1624
29 33 4298
29 34 7679
29 35 735
29 36 420
29 37 2263
29 38 4216
29 39 2606
29 40 4967
29 41 6179
29 42 400
29 43 1277
29 44 7567
29 45 1609
29 46 2501
29 47 5032
30 31 4330
30 32 1180
30 33 3346
30 34 7545
30 35 1023
30 36 1808
30 37 578
30 38 4062
30 39 1438
30 40 3693
30 41 5763
30 42 2115
30 43 440
30 44 7537
30 45 763
30 46 2404
30 47 4603
31 32 3184
31 33 2510
31 34 3402
31 35 4031
31 36 4698
31 37 4281
31 38 533
31 39 3245
31 40 3612
31 41 2187
31 42 4339
31 43 4265
31 44 3296
31 45 3576
31 46 1941
31 47 1381
32 33 2685
32 34 6475
32 35 1022
32 36 1952
32 37 1341
32 38 2963
32 39 1050
32 40 3358
32 41 4787
32 42 1926
32 43 1086
32 44 6436
32 45 422
32 46 1244
32 47 3619
33 34 4697
33 35 3693
33 36 4636
33 37 2975
33 38 1981
33 39 1909
33 40 1124
33 41 2718
33 42 4565
33 43 3548
33 44 4830
33 45 2839
33 46 2140
33 47 1751
34 35 7393
34 36 8097
34 37 7370
34 38 3515
34 39 6249
34 40 5379
34 41 2001
34 42 7738
34 43 7556
34 44 461
34 45 6829
34 46 5267
34 47 3013
35 36 965
35 37 1542
35 38 3883
35 39 1913
35 40 4286
35 41 5772
35 42 1121
35 43 600
35 44 7322
35 45 902
35 46 2128
35 47 4608
36 37 2380
36 38 4629
36 39 2877
36 40 5250
36 41 6583
36 42 570
36 43 1380
36 44 7986
36 45 1866
36 46 2904
36 47 5432
37 38 3952
37 39 1127
37 40 3197
37 41 5518
37 42 2658
37 43 1002
37 44 7395
37 45 951
37 46 2429
37 47 4380
38 39 2873
38 40 3080
38 41 2012
38 42 4324
38 43 4046
38 44 3478
38 45 3328
38 46 1755
38 47 1000
39 40 2374
39 41 4392
39 42 2943
39 43 1659
39 44 6285
39 45 1012
39 46 1563
39 47 3254
40 41 3386
40 42 5284
40 43 3997
40 44 5585
40 45 3386
40 46 3125
40 47 2664
41 42 6314
41 43 5837
41 44 2205
41 45 5095
41 46 3680
41 47 1169
42 43 1676
42 44 7603
42 45 1964
42 46 2662
42 47 5184
43 44 7521
43 45 744
43 46 2325
43 47 4670
44 45 6805
44 46 5208
44 47 3102
45 46 1644
45 47 3928
46 47 2532
